name: "zed/rgb/image_rect_color"
height: 720
width: 1280
distortion_model: "plumb_bob"
D: [0.0, 0.0, 0.0, 0.0, 0.0]
K: [676.427978515625, 0.0, 619.3900146484375, 0.0, 676.427978515625, 331.0867004394531, 0.0, 0.0, 1.0]
R: [1.0, 0.0, 0.0, 0.0, 1.0, 0.0, 0.0, 0.0, 1.0]
P: [676.427978515625, 0.0, 619.3900146484375, 0.0, 0.0, 676.427978515625, 331.0867004394531, 0.0, 0.0, 0.0, 1.0, 0.0]
